67

Fulgentius myth. 11118 60 73313113315160331111, 63 1331.17,572341’41. 27

⁸ 650 55 56
6341533533 26 7⁴54 11

011331333311133 auctor 33 1131 1111

1144114 33 9199 ⁶2
Hellanicus

1344414 31 3334 43 43 99083 43933 911 38

1101θ 2811 48

op· 563 {5 Mimnermus 1111. 22 62

Mnaseas 41
Modestus 31 34

A 1111 111 Moschus 11159 48

4433 43 111‚43 37
3331 31 9919034.731.1,119 33

Hyginus Ρ3314431. 1111 2611 ,

11 35 N1canderl33133393541

111111 19 Hsteroioumeua 60
11 31 1131411413 01311131111364 33

33 3331 37⁰ θ’)

53 53 xvl11,313 43

54 46 XL,303 45

58 611 11171105 36

59 51 Ovidius 21

131 35 Heroid. 11 23 51

138 5311 . 111111 51
145 43 met. 11151 sqq. 49

176 , 43 216 1, 48
111 33 253 „ 43
133 30 414sq. 33
131 43 431 452343 58

193 33 33 54489· ⁵⁸22
199‘ 39 56734141. 23 47

1111 11 333 ,‚ 44
111 11 443 „ 43
111 11 111331 „ 31

311 34 5⁸9 3 ²⁸
373 33

11141114 4131 411339 344· 60

401 1 26
Longus 11134 44 511 1, 27
1141331433 111416 44 597 ,1 35

Homerus μ 132341. 43
schol. Hom. ,4 14 58

73313. 1413311536 58 1111276 1 53
45 40 416 1 42
401 53 628 1, 41·

433 43 3433, 33

642 ,1 27
11111 „¹ 45
93 ,1 36
’166 53
126 52
31734141. 24 34
422 1 45
521 47
565 47
7111401 24
40834141. 28
418341. 15
453 sqq. 55
518 1, 36
534341. 3612
66134141. 38
1111111 1 55 56
10 55
85 55
152 15
738 34141.Ἱ 25
762 1, 22
1111348 sq. 31

’ X, 106 sqq. 38

126 1 38 39
162 ,1 31
206 1, 21
298 1 59
333, 33
605341. 2913
1111853141. 44
41034141. 24 34
749 1, 42

, xu‚133 „ 33

3411113341 22 31
32 33

429 ,1 61

576 ,1 56
632 ,1 50

640 50
64634141. 50

749 1 52
898 1 39

917 11 41

 

