 

ὦ

Index locorum Vergilianorum et scholiorum. ’

vargum. 11166 63 (111, 463 61
1666 6 66 61 6 66

16448 sq. ll⁸ 11523 63 86116111 Probi Ρ.
6666 w 64 666 666 361

w ffi 13 54 66 6666 ν’

174 12 80 21 50 51 106 32

180 12 91 51 58 661 ll 29!

X, 190 13 113 11 29 14 40 54 55 56

Β vl‚61 11 359 54,1 76 46 47
63 13 420 40 x,1 , 12

G 111,93 52 680 38 39 18 21
152 sq. 13 IV, 246 41 62 55

¹ 6 w 663 61
861611186661618. 402 63· 66 66

366 6 46 66 6 6666
41 60 61 469 27 136 66
66 66 63 66 36 m
6 66 6 6 36 3665
61 66 666 66 61 66
66 11 Lm 6661 6636663
66 66 16 61 66’ 6
666666 6 6 66 66
6 366 Em 6 16 lmwa
18 46 41 Β Ν,6 21,1 336 24

6 ’ 66 66 6 66 6
Χ,62 21 22 25 48 62 646 45

(3390 3⁷ 3⁸ Vl’l3 ω 8611311111 porditum.
65 6 6 66

36 666 11 666 Gfflffl ae

399 35 62 48 8316168361618.
437 41 74 40 Α Ι,2Ἰ 36

66 6 6 66 6 6
uma 63 66 6 m 6

smfflmmwmst wfflss ἓ fi& 6ᾗ

166 63 6 6 66 6
6 6 66 63 6 666
m 6 66 66 6 6
m 6 661 36 63 66
6 66 m 6 6 66
61 am? 66 666 6 3663
6 66 16 161 64 6
m 5m8 66 6 166 6

 

